16_12_3_4
p = [0.01, 0.02, 0.03, 0.04, 0.05, 0.06]
mask_p = 0 
0.063 0.228 0.474 0.678 0.849 0.955

mask_p = 0.1
0.069 0.255 0.546 0.746 0.909 0.962

mask_p = 0.2
0.135 0.371 0.66 0.824 0.95 0.988

mask_p = 0.3
0.27 0.535 0.811 0.922 0.991 0.996

---------------------------------------------

36_30_5_6
ps = [0.005, 0.01, 0.015, 0.02, 0.025, 0.03]
mask_p = 0
0.075 0.251 0.549 0.764 0.904 0.972

mask_p = 0.1
0.081 0.295 0.58 0.812 0.938 0.986

mask_p = 0.2
0.097 0.368 0.656 0.862 0.973 0.996

mask_p = 0.3
0.17 0.51 0.79 0.946 0.99 1.0