
best:
- 5,6,120,100: swap3_67338a3d
----------------- Using pyx file ----------------
output file =  ccode/swap3_120_100_5_6.code

attempt = 0
code_id =  swap3_3afaec67
 fails=9999, score=(6, (-60, -19), (-58, -32), (-56, -28), (-54, -18), (-52, -15), (-50, -4), (-48, -4))            (-46, -1))                                                                                                                      ))                     
final_score = (6, (-60, -19), (-58, -32), (-56, -28), (-54, -18), (-52, -15), (-50, -4), (-48, -4))

attempt = 1
code_id =  swap3_408bbdd7
 fails=9999, score=(6, (-60, -24), (-58, -31), (-56, -20), (-54, -18), (-52, -16), (-50, -2), (-48, -4), (-46, -2), (-44, -3))                                                                            )                                         
final_score = (6, (-60, -24), (-58, -31), (-56, -20), (-54, -18), (-52, -16), (-50, -2), (-48, -4), (-46, -2), (-44, -3))

attempt = 2
code_id =  swap3_67338a3d
 fails=9999, score=(6, (-60, -13), (-58, -32), (-56, -28), (-54, -24), (-52, -11), (-50, -7), (-48, -4), (-46, -1))                                                                                                           )                               
final_score = (6, (-60, -13), (-58, -32), (-56, -28), (-54, -24), (-52, -11), (-50, -7), (-48, -4), (-46, -1))

attempt = 3
code_id =  swap3_1c114831
 fails=9999, score=(6, (-60, -26), (-58, -35), (-56, -24), (-54, -13), (-52, -10), (-50, -7), (-48, -2), (-46, -2), (-44, -1))                                                                )                     )                                                               2))           )           
final_score = (6, (-60, -26), (-58, -35), (-56, -24), (-54, -13), (-52, -10), (-50, -7), (-48, -2), (-46, -2), (-44, -1))

attempt = 4
code_id =  swap3_b0dd63f9
 fails=9999, score=(6, (-64, -2), (-62, -34), (-60, -21), (-58, -15), (-56, -19), (-54, -9), (-52, -10), (-50, -4), (-48, -6))                                                        (-48, -1))                                                               (-52, -1))           
final_score = (6, (-64, -2), (-62, -34), (-60, -21), (-58, -15), (-56, -19), (-54, -9), (-52, -10), (-50, -4), (-48, -6))

attempt = 5
code_id =  swap3_1d392152
 fails=9999, score=(6, (-60, -24), (-58, -26), (-56, -26), (-54, -14), (-52, -16), (-50, -7), (-48, -6), (-42, -1))           (-42, -1))                                                                                                ))                      
final_score = (6, (-60, -24), (-58, -26), (-56, -26), (-54, -14), (-52, -16), (-50, -7), (-48, -6), (-42, -1))

attempt = 6
code_id =  swap3_8d92cb22
 fails=9999, score=(6, (-62, -1), (-60, -34), (-58, -32), (-56, -20), (-54, -17), (-52, -7), (-50, -5), (-48, -2), (-46, -2))                                                                                                                                           )           
final_score = (6, (-62, -1), (-60, -34), (-58, -32), (-56, -20), (-54, -17), (-52, -7), (-50, -5), (-48, -2), (-46, -2))

attempt = 7
code_id =  swap3_4e03caba
 fails=9999, score=(6, (-62, -2), (-60, -24), (-58, -23), (-56, -27), (-54, -18), (-52, -12), (-50, -7), (-48, -3), (-46, -2), (-44, -1), (-42, -1))                                                                           )                                           
final_score = (6, (-62, -2), (-60, -24), (-58, -23), (-56, -27), (-54, -18), (-52, -12), (-50, -7), (-48, -3), (-46, -2), (-44, -1), (-42, -1))

attempt = 8
code_id =  swap3_bc9606c6
 fails=9999, score=(6, (-62, -10), (-60, -32), (-58, -31), (-56, -19), (-54, -10), (-52, -5), (-50, -6), (-48, -5), (-46, -2))                                                                   -58, -1))                                        
final_score = (6, (-62, -10), (-60, -32), (-58, -31), (-56, -19), (-54, -10), (-52, -5), (-50, -6), (-48, -5), (-46, -2))

attempt = 9
code_id =  swap3_977ace35
 fails=9999, score=(6, (-64, -7), (-62, -40), (-60, -26), (-58, -20), (-56, -15), (-54, -6), (-52, -4), (-50, -1), (-46, -1))                                  )                                                                                   ))           ))                   
final_score = (6, (-64, -7), (-62, -40), (-60, -26), (-58, -20), (-56, -15), (-54, -6), (-52, -4), (-50, -1), (-46, -1))


----------------- Using pyx file ----------------
output file =  ccode/swap3_240_200_5_6.code

attempt = 0
code_id =  swap3_3d03f881
 fails=9999, score=(6, (-20, -67), (-18, -89), (-16, -44), (-14, -22), (-12, -15), (-10, -3))                                                                                                                                       (-18, -1))                                 
final_score = (6, (-20, -67), (-18, -89), (-16, -44), (-14, -22), (-12, -15), (-10, -3))

attempt = 1
code_id =  swap3_b0091ae0
 fails=9999, score=(6, (-20, -14), (-18, -97), (-16, -64), (-14, -37), (-12, -17), (-10, -9), (-8, -1), (-6, -1))                        )                                                                                                                                      
final_score = (6, (-20, -14), (-18, -97), (-16, -64), (-14, -37), (-12, -17), (-10, -9), (-8, -1), (-6, -1))

attempt = 2
code_id =  swap3_381f2917
 fails=9999, score=(6, (-20, -76), (-18, -72), (-16, -42), (-14, -33), (-12, -10), (-10, -7))           (-8, -1))                                                                                                      )                       -14, -1))                       
final_score = (6, (-20, -76), (-18, -72), (-16, -42), (-14, -33), (-12, -10), (-10, -7))


----------------- Using pyx file ----------------
output file =  ccode/swap3_360_300_5_6.code

attempt = 0
code_id =  swap3_cb26cec0
 fails=9999, score=(6, (-8, -112), (-6, -160), (-4, -74), (-2, -13), (0, -1))                                                                                                                      )                                                   
final_score = (6, (-8, -112), (-6, -160), (-4, -74), (-2, -13), (0, -1))
