120
100
5
6
bit_nbhd
32,9,42,95,92,
63,76,2,52,24,
40,3,11,15,58,
98,56,45,87,3,
93,1,57,68,91,
33,36,32,1,70,
65,23,14,30,53,
48,99,86,42,37,
59,34,47,24,50,
63,58,48,28,97,
92,54,83,84,20,
14,10,8,19,18,
91,60,20,81,16,
87,29,17,37,84,
65,6,12,26,37,
42,81,41,19,97,
35,64,59,41,91,
26,58,24,68,83,
35,45,23,20,86,
75,46,78,79,92,
85,67,32,98,90,
51,62,55,20,93,
81,93,21,46,87,
64,63,89,60,73,
57,88,63,96,61,
5,56,78,57,30,
3,21,97,39,80,
53,43,84,40,86,
31,96,28,55,86,
11,14,64,7,6,
84,97,61,18,82,
71,74,98,15,72,
71,8,74,84,24,
80,6,1,13,78,
74,90,9,80,86,
91,34,89,75,54,
10,60,56,39,53,
67,27,22,47,66,
42,64,72,56,43,
99,27,0,26,67,
58,49,31,99,53,
61,25,79,31,4,
3,66,88,12,79,
30,16,13,64,87,
96,44,69,66,39,
87,39,49,76,89,
54,8,47,63,46,
90,91,27,12,25,
57,82,29,50,33,
24,93,10,90,65,
37,79,77,10,98,
5,0,60,76,66,
62,33,68,72,78,
38,11,9,54,59,
12,5,94,88,9,
59,82,25,68,94,
20,6,36,15,13,
7,55,67,25,61,
14,36,85,26,39,
88,83,2,73,44,
35,85,28,17,27,
48,16,95,4,57,
99,69,40,47,90,
2,44,29,72,54,
38,65,96,9,0,
27,33,15,97,13,
58,50,56,10,86,
94,23,77,49,57,
42,53,36,47,91,
0,81,14,67,1,
19,61,12,55,53,
7,21,74,63,33,
85,81,95,4,33,
2,12,98,28,60,
41,94,8,3,70,
76,68,72,79,16,
20,95,15,5,87,
40,52,96,14,17,
50,73,32,23,52,
76,51,45,70,21,
71,85,79,73,42,
36,71,6,78,45,
30,22,50,83,4,
51,24,29,75,15,
62,2,28,99,70,
95,69,83,51,36,
80,93,6,43,69,
68,95,43,19,88,
7,22,75,97,99,
70,83,85,74,31,
82,62,75,11,52,
62,94,46,52,45,
23,26,70,55,22,
18,60,59,48,69,
4,25,38,23,8,
84,1,90,30,38,
92,2,38,93,13,
98,66,82,31,26,
67,10,88,31,62,
89,94,71,66,11,
35,0,89,8,21,
17,44,78,19,34,
34,9,46,71,48,
92,25,76,77,35,
92,49,48,51,22,
4,65,54,17,21,
40,41,73,34,56,
18,43,5,32,44,
50,65,29,1,58,
74,61,27,49,73,
39,30,18,40,45,
51,34,5,19,64,
49,82,77,52,41,
46,16,69,35,11,
80,38,16,0,7,
77,59,22,3,89,
96,81,17,75,18,
47,55,44,43,37,
13,29,41,7,80,
72,37,28,32,77,
check_nbhd
51,39,64,69,100,114,
5,33,95,69,4,108,
1,73,84,59,96,63,
3,26,42,2,74,115,
41,61,72,82,94,105,
25,54,51,76,107,111,
14,86,29,33,56,81,
88,114,57,29,71,118,
32,74,11,100,94,46,
0,53,34,64,54,102,
11,36,49,66,98,50,
99,2,53,90,29,113,
47,14,42,54,73,70,
65,33,43,56,96,118,
69,11,29,58,6,77,
2,83,56,65,31,76,
12,43,61,75,114,113,
116,13,60,101,77,105,
11,107,30,93,110,116,
111,15,11,70,87,101,
10,21,56,76,12,18,
22,26,79,71,100,105,
115,37,104,82,88,92,
6,18,78,67,92,94,
8,17,1,32,83,49,
41,47,55,57,94,103,
58,14,39,17,92,97,
47,37,60,65,109,39,
84,60,73,9,28,119,
13,63,83,48,108,118,
6,25,82,95,43,110,
28,40,41,89,97,98,
5,20,0,107,78,119,
72,65,5,48,52,71,
35,101,102,106,111,8,
16,18,60,100,103,113,
68,56,58,81,85,5,
117,13,14,7,50,119,
64,53,94,95,96,114,
36,26,44,45,58,110,
2,27,77,62,106,110,
16,74,15,106,112,118,
0,80,38,7,68,15,
27,38,107,86,87,117,
59,117,44,63,101,107,
91,18,81,3,79,110,
46,19,22,102,91,113,
68,37,46,8,62,117,
9,7,93,61,102,104,
45,40,67,104,109,112,
66,48,8,78,82,108,
21,111,104,79,83,85,
77,90,78,112,91,1,
36,27,68,70,6,40,
46,35,53,10,105,63,
57,70,21,92,28,117,
3,25,106,36,38,66,
24,48,67,25,4,61,
2,40,9,108,17,66,
93,16,8,53,55,115,
93,12,73,51,23,36,
24,30,41,57,70,109,
52,21,91,84,90,98,
9,23,24,46,1,71,
16,29,38,43,23,111,
6,49,64,14,105,108,
37,44,97,99,51,42,
37,20,69,57,39,98,
17,55,52,75,87,4,
86,93,113,44,62,85,
92,89,5,74,79,84,
32,31,80,102,81,99,
38,75,52,63,31,119,
80,23,59,78,106,109,
31,32,34,71,109,89,
88,83,35,90,19,116,
1,79,51,75,45,103,
119,50,67,115,103,112,
33,101,52,25,81,19,
50,19,41,42,80,75,
26,33,34,114,86,118,
12,22,15,69,72,116,
55,30,48,90,97,112,
10,82,89,59,17,85,
32,27,13,30,10,95,
20,58,60,72,80,89,
18,7,27,28,34,66,
76,13,43,45,22,3,
24,54,59,87,98,42,
45,35,23,99,100,115,
95,49,20,34,62,47,
4,12,16,68,47,35,
0,104,96,19,10,103,
22,49,4,86,21,96,
91,67,54,55,74,99,
0,61,72,76,85,87,
24,28,44,64,77,116,
15,65,26,30,88,9,
31,50,97,73,3,20,
7,84,39,62,40,88,