36
30
5
6
bit_nbhd
3,8,12,15,25,
3,4,7,19,22,
6,10,16,22,23,
1,3,10,17,19,
8,9,16,21,24,
11,12,14,24,25,
4,11,13,19,21,
8,15,17,18,22,
3,22,24,27,29,
5,9,20,21,23,
5,9,17,20,28,
1,5,14,20,22,
7,12,18,26,29,
3,8,12,13,16,
4,14,15,19,26,
3,21,23,25,26,
1,6,15,19,28,
0,4,24,27,29,
8,9,11,15,27,
0,4,12,20,26,
5,9,13,14,20,
0,10,13,20,23,
2,10,14,15,18,
6,9,23,25,28,
2,17,22,28,29,
1,7,17,27,29,
2,5,7,18,28,
0,2,11,16,24,
8,11,16,21,26,
0,6,10,25,28,
1,7,11,24,27,
0,2,6,7,29,
1,17,18,23,26,
5,16,18,25,27,
4,6,10,13,21,
2,12,13,14,19,
check_nbhd
17,19,21,27,29,31,
3,11,16,25,30,32,
22,24,26,27,31,35,
0,1,3,8,13,15,
1,6,14,17,19,34,
9,10,11,20,26,33,
2,16,23,29,31,34,
1,12,25,26,30,31,
0,4,7,13,18,28,
4,9,10,18,20,23,
2,3,21,22,29,34,
5,6,18,27,28,30,
0,5,12,13,19,35,
6,13,20,21,34,35,
5,11,14,20,22,35,
0,7,14,16,18,22,
2,4,13,27,28,33,
3,7,10,24,25,32,
7,12,22,26,32,33,
1,3,6,14,16,35,
9,10,11,19,20,21,
4,6,9,15,28,34,
1,2,7,8,11,24,
2,9,15,21,23,32,
4,5,8,17,27,30,
0,5,15,23,29,33,
12,14,15,19,28,32,
8,17,18,25,30,33,
10,16,23,24,26,29,
8,12,17,24,25,31,
