60
50
5
6
bit_nbhd
26,38,42,44,49,
4,12,14,20,30,
7,8,21,34,48,
16,17,19,28,29,
5,23,24,26,48,
6,8,25,33,38,
1,17,20,21,29,
5,6,31,43,47,
16,28,31,40,48,
36,38,39,41,45,
0,17,19,40,46,
16,17,20,29,30,
16,25,37,39,45,
13,16,22,27,44,
22,35,39,41,43,
19,24,26,33,40,
3,5,32,42,45,
4,14,32,46,47,
9,13,26,43,49,
5,12,32,42,49,
1,2,10,27,37,
2,4,20,21,30,
1,32,33,35,47,
2,12,18,33,36,
10,18,21,29,36,
0,12,34,35,42,
1,13,25,35,40,
14,17,23,25,48,
11,19,21,41,47,
2,6,10,19,37,
13,21,43,47,49,
7,11,18,23,39,
6,8,16,18,44,
14,28,31,32,44,
4,12,24,27,41,
8,18,20,22,41,
9,35,37,44,48,
15,24,26,39,40,
7,12,15,22,23,
14,28,34,44,46,
7,11,13,23,40,
11,24,25,28,38,
3,9,14,17,30,
0,6,26,27,31,
5,23,33,37,49,
0,1,38,43,46,
4,35,36,42,48,
3,8,30,36,45,
3,22,30,38,45,
0,3,42,43,45,
9,11,36,41,49,
3,9,15,24,28,
0,6,9,29,34,
15,18,20,25,39,
19,29,31,46,47,
1,8,13,31,37,
2,7,10,15,46,
2,5,10,22,27,
4,10,11,27,34,
7,15,32,33,34,
check_nbhd
10,25,43,45,49,52,
6,20,22,26,45,55,
20,21,23,29,56,57,
16,42,47,48,49,51,
1,17,21,34,46,58,
4,7,16,19,44,57,
5,7,29,32,43,52,
2,31,38,40,56,59,
2,5,32,35,47,55,
18,36,42,50,51,52,
20,24,29,56,57,58,
28,31,40,41,50,58,
1,19,23,25,34,38,
13,18,26,30,40,55,
1,17,27,33,39,42,
37,38,51,53,56,59,
3,8,11,12,13,32,
3,6,10,11,27,42,
23,24,31,32,35,53,
3,10,15,28,29,54,
1,6,11,21,35,53,
2,6,21,24,28,30,
13,14,35,38,48,57,
4,27,31,38,40,44,
4,15,34,37,41,51,
5,12,26,27,41,53,
0,4,15,18,37,43,
13,20,34,43,57,58,
3,8,33,39,41,51,
3,6,11,24,52,54,
1,11,21,42,47,48,
7,8,33,43,54,55,
16,17,19,22,33,59,
5,15,22,23,44,59,
2,25,39,52,58,59,
14,22,25,26,36,46,
9,23,24,46,47,50,
12,20,29,36,44,55,
0,5,9,41,45,48,
9,12,14,31,37,53,
8,10,15,26,37,40,
9,14,28,34,35,50,
0,16,19,25,46,49,
7,14,18,30,45,49,
0,13,32,33,36,39,
9,12,16,47,48,49,
10,17,39,45,54,56,
7,17,22,28,30,54,
2,4,8,27,36,46,
0,18,19,30,44,50,
